-0.15999
2.1696
-1.3097
2.177
-2.1423
0.19081
-2.4474
1.6006
-1.316
2.5362
-1.2442
1.3681
-3.044
1.8897
-5.1237
0.99541
-2.9918
2.7354
0.40875
4.8257
-1.2549
2.647
-1.5842
1.2081
-2.6982
1.2819
-3.8268
1.3232
-4.2741
3.1454
-2.7711
0.29615
-3.1507
-0.54668
-3.0209
0.93934
0.45655
4.2565
-2.7368
4.4413
-1.6381
2.863
-1.5568
2.2477
-3.273
2.4583
-3.3777
1.8275
-1.4773
2.0852
-1.2611
1.8232
-3.6809
-0.92341
-1.1414
0.89547
-1.6179
3.6812
-0.12633
3.0953
-0.70764
2.9931
-0.24227
0.63918
-2.2153
1.1906
-3.1307
0.44303
-2.4262
1.9133
-3.6114
1.6922
-3.7191
0.78773
-2.6638
0.59535
-2.0095
3.4681
-2.0758
5.036
2.1845
4.0774
-2.037
1.9286
-4.036
2.7598
-1.9561
2.2873
-3.0179
2.3199
-2.7003
1.1886
-3.4668
-0.14377
-3.9087
1.2901
-3.4201
3.7256
-0.35772
4.6992
